{"nbformat":4,"nbformat_minor":0,"metadata":{"colab":{"provenance":[{"file_id":"1kmU0nKn1KDMVHoLhwrByjg5iBFDL5oDj","timestamp":1733575561709}]},"kernelspec":{"name":"python3","display_name":"Python 3"},"language_info":{"name":"python"}},"cells":[{"cell_type":"code","execution_count":null,"metadata":{"id":"a0VA71eWq3Dm"},"outputs":[],"source":["import numpy as np"]},{"cell_type":"code","source":["tensor = np.random.rand(3, 4, 5)\n","tensor"],"metadata":{"colab":{"base_uri":"https://localhost:8080/"},"id":"5CcwXD_2rDzD","executionInfo":{"status":"ok","timestamp":1733567504968,"user_tz":-330,"elapsed":1084,"user":{"displayName":"Harshul Desai","userId":"00678302333584374344"}},"outputId":"2febf98a-baf3-46a9-c355-27a5c611d687"},"execution_count":null,"outputs":[{"output_type":"execute_result","data":{"text/plain":["array([[[0.43354034, 0.92804934, 0.59579531, 0.06894968, 0.48904082],\n","        [0.95393006, 0.50014524, 0.26096689, 0.09036604, 0.17479644],\n","        [0.15649149, 0.83421466, 0.84352052, 0.86188131, 0.45577272],\n","        [0.4199361 , 0.74184241, 0.08867438, 0.63626568, 0.74606976]],\n","\n","       [[0.52435944, 0.63515302, 0.14779869, 0.7276696 , 0.45635598],\n","        [0.03809849, 0.86919438, 0.39271678, 0.94229215, 0.81180879],\n","        [0.32223074, 0.93415112, 0.20433044, 0.50863496, 0.9614262 ],\n","        [0.39478499, 0.69635357, 0.05492991, 0.91011189, 0.19573283]],\n","\n","       [[0.97236229, 0.75370751, 0.90733157, 0.78001776, 0.2842358 ],\n","        [0.79571299, 0.15951669, 0.57934884, 0.03450665, 0.27487948],\n","        [0.91807235, 0.01422097, 0.91403913, 0.95839095, 0.27257374],\n","        [0.13408343, 0.44754937, 0.45072626, 0.39916943, 0.45126955]]])"]},"metadata":{},"execution_count":4}]},{"cell_type":"code","source":["swapped_tensor = np.transpose(tensor, axes=(1, 0, 2)) # swaps the first two axes\n","swapped_tensor"],"metadata":{"colab":{"base_uri":"https://localhost:8080/"},"id":"-drfmUTqrIQZ","executionInfo":{"status":"ok","timestamp":1733567585488,"user_tz":-330,"elapsed":4,"user":{"displayName":"Harshul Desai","userId":"00678302333584374344"}},"outputId":"0949b184-4fb6-4524-9fe2-5b0440b6d758"},"execution_count":null,"outputs":[{"output_type":"execute_result","data":{"text/plain":["array([[[0.43354034, 0.92804934, 0.59579531, 0.06894968, 0.48904082],\n","        [0.52435944, 0.63515302, 0.14779869, 0.7276696 , 0.45635598],\n","        [0.97236229, 0.75370751, 0.90733157, 0.78001776, 0.2842358 ]],\n","\n","       [[0.95393006, 0.50014524, 0.26096689, 0.09036604, 0.17479644],\n","        [0.03809849, 0.86919438, 0.39271678, 0.94229215, 0.81180879],\n","        [0.79571299, 0.15951669, 0.57934884, 0.03450665, 0.27487948]],\n","\n","       [[0.15649149, 0.83421466, 0.84352052, 0.86188131, 0.45577272],\n","        [0.32223074, 0.93415112, 0.20433044, 0.50863496, 0.9614262 ],\n","        [0.91807235, 0.01422097, 0.91403913, 0.95839095, 0.27257374]],\n","\n","       [[0.4199361 , 0.74184241, 0.08867438, 0.63626568, 0.74606976],\n","        [0.39478499, 0.69635357, 0.05492991, 0.91011189, 0.19573283],\n","        [0.13408343, 0.44754937, 0.45072626, 0.39916943, 0.45126955]]])"]},"metadata":{},"execution_count":5}]},{"cell_type":"code","source":["np.sum(tensor, axis=0)"],"metadata":{"colab":{"base_uri":"https://localhost:8080/"},"id":"KsB18xH9rhdW","executionInfo":{"status":"ok","timestamp":1733567619011,"user_tz":-330,"elapsed":544,"user":{"displayName":"Harshul Desai","userId":"00678302333584374344"}},"outputId":"0a23e88a-9c2e-4aa2-e77e-b439ac2721e5"},"execution_count":null,"outputs":[{"output_type":"execute_result","data":{"text/plain":["array([[1.93026207, 2.31690988, 1.65092558, 1.57663705, 1.2296326 ],\n","       [1.78774154, 1.52885631, 1.23303251, 1.06716484, 1.26148471],\n","       [1.39679459, 1.78258675, 1.96189008, 2.32890722, 1.68977265],\n","       [0.94880452, 1.88574535, 0.59433054, 1.945547  , 1.39307213]])"]},"metadata":{},"execution_count":6}]},{"cell_type":"code","source":["mat = np.random.rand(3, 3)\n","mat"],"metadata":{"colab":{"base_uri":"https://localhost:8080/"},"id":"X-LwvR7Oro2P","executionInfo":{"status":"ok","timestamp":1733567761137,"user_tz":-330,"elapsed":656,"user":{"displayName":"Harshul Desai","userId":"00678302333584374344"}},"outputId":"40bf54b5-e1f4-4e0b-9140-cc58ec3e82f3"},"execution_count":null,"outputs":[{"output_type":"execute_result","data":{"text/plain":["array([[0.15283535, 0.18112882, 0.56751682],\n","       [0.97217321, 0.80646014, 0.80302495],\n","       [0.63865337, 0.41816884, 0.80570139]])"]},"metadata":{},"execution_count":10}]},{"cell_type":"code","source":["mat + np.array([.5, .5, .5])"],"metadata":{"colab":{"base_uri":"https://localhost:8080/"},"id":"PasAZgMWr18Z","executionInfo":{"status":"ok","timestamp":1733567766388,"user_tz":-330,"elapsed":668,"user":{"displayName":"Harshul Desai","userId":"00678302333584374344"}},"outputId":"0ed979e8-b6a8-43a8-e682-5d84ad672702"},"execution_count":null,"outputs":[{"output_type":"execute_result","data":{"text/plain":["array([[0.65283535, 0.68112882, 1.06751682],\n","       [1.47217321, 1.30646014, 1.30302495],\n","       [1.13865337, 0.91816884, 1.30570139]])"]},"metadata":{},"execution_count":11}]},{"cell_type":"code","source":[],"metadata":{"id":"wVLCO2LCsB09"},"execution_count":null,"outputs":[]}]}